# Created by Octave 6.1.0, Thu Dec 03 02:13:52 2020 GMT <unknown@DESKTOP-C9TR5II>
# name: nodal_R
# type: matrix
# rows: 100
# columns: 1
 0.069248463856781975
 0.074408001245321251
 0.074113988291985441
 0.074170240941968571
 0.071741334094222106
 0.074349768572528674
 0.075864482169272107
 0.074476468158366421
 0.074561382016756717
 0.086697987938512924
 0.086677700812140518
 0.088906416695397575
 0.086400062183775897
 0.088860897238124112
 0.086481175616690747
 0.098813605332048041
 0.095152707121814645
 0.10280983650451109
 0.10410769069247409
 0.12545701197393144
 0.095067773176231024
 0.10291726250196406
 0.094890681049470474
 0.1359116704405825
 0.12235743516734729
 0.1619759491156624
 0.15083098515346036
 0.14347105631536139
 0.1378306016377655
 0.11167987931258085
 0.090799164879235519
 0.12558170291709328
 0.16917865151947681
 0.11285253509126913
 0.14626107133836583
 0.18949725968626699
 0.16996499784913982
 0.16410224218566369
 0.15923314234494199
 0.18590079909442794
 0.18359645658095666
 0.21162229847670588
 0.19219641377566968
 0.18814548145598545
 0.20596308407688455
 0.2074754865118309
 0.20498104887788518
 0.1470843761569767
 0.23517403519476915
 0.20192482288073585
 0.2268895429851667
 0.19901140459364935
 0.24207159655658822
 0.20638378981439945
 0.21682158838544119
 0.18613326182444412
 0.26402552942404928
 0.16008547384835511
 0.11343811512719217
 0.1959981036149461
 0.26082175894461052
 0.23188558006898927
 0.28748299782537995
 0.27190182482300163
 0.21560263785566605
 0.31413176554457334
 0.19531961219575719
 0.19294474399562583
 0.21403733212206302
 0.22049470742212485
 0.27453181149060962
 0.2384307235485269
 0.28030694774677323
 0.19031805345979641
 0.32233798489456844
 0.29609933272364986
 0.20958908034008056
 0.24906701097071746
 0.32051502090827449
 0.23060929230382243
 0.2461465555021807
 0.37819391790052742
 0.38551486555662295
 0.38909203222783928
 0.3350812265961377
 0.41111754578801585
 0.2183599090293773
 0.26716978548096054
 0.27451967887414069
 0.27676904850030398
 0.25961349118634314
 0.33317513848110047
 0.32593806322474328
 0.25899943166798434
 0.22117060578626704
 0.45378513462276537
 0.46031403795992093
 0.38518351834383685
 0.52575987656833978
 0.33300406201054933


# name: R_NODE_RNG
# type: matrix
# rows: 1
# columns: 100
 0.055932597201646117 0.072545916518730991 0.098759007458386394 0.081969509742312985 0.11577295785718833 0.10142151129878962 0.060563482668765434 0.077060327527400663 0.10054166536357345 0.026135897115617479 0.032396184206859413 0.72173800723630976 0.025227991706504471 0.71695259312324 0.019204983635362161 0.71374227359806908 0.71497961676753963 0.71157763668210061 0.71394938750419323 0.71598040485744752 0.71987866560711988 0.71394938750419323 0.72090659623225639 0.71714136881892609 0.71598040485744752 0.71695259312324 0.71987866560711988 0.71695259312324 0.5327218051092043 0.71374227359806908 0.52848040485744752 0.71394938750419323 0.7191696793856589 0.71899255651069449 0.71394938750419323 0.71826271334007308 0.71826271334007308 0.71617473395455167 0.7191696793856589 0.72535315336731265 0.71826271334007308 0.71617473395455167 0.71899255651069449 0.72086398834621934 0.72005072678808357 0.7243500071159521 0.71714136881892609 0.71617473395455167 0.72299843261463814 0.71826271334007308 0.71714136881892609 0.71808037986624718 0.71983455229561644 0.7202218051092043 0.71617473395455167 0.71617473395455167 0.72641534674090658 0.71899255651069449 0.71808037986624718 0.71394938750419323 0.71617473395455167 0.71899255651069449 0.72204441093110916 0.71987866560711988 0.72033203741167739 0.72722647948000796 0.71899255651069449 0.71598040485744752 0.72037542321148906 0.71695259312324 0.72054464677912045 0.72250545131110888 0.72216339312700595 0.71617473395455167 0.72299843261463814 0.72420264567462045 0.71899255651069449 0.71826271334007308 0.72340484719015863 0.71714136881892609 0.72466519603348767 0.7233302297747557 0.72420264567462045 0.72315267284555251 0.72609250677621839 0.72827028264587002 0.72579507495396467 0.7191696793856589 0.72340484719015863 0.72090659623225639 0.71978039961095142 0.72658686135807882 0.72284330626017479 0.71617473395455167 0.71695259312324 0.72538919639355037 0.71808037986624718 0.72777660421133872 0.72424037117892814 0.72531442192855844


# name: R_system
# type: scalar
0.20227962136888139


